0.515353
0.515353
-0.784640
0.796492
-0.723804
-0.034867
0.624566
-2.383834
2.104228
-1.255658
0.871500
1.777398
1.777398
-1.703686
-1.703686
0.728358
0.728358
-0.913816
-0.174094
-0.174094
-1.820848
-1.820848
-1.406336
-0.266369
-0.165447
-0.165447
0.180903
0.180903
-0.121667
2.893574
2.893574
-1.919406
-1.919406
0.625707
-0.091331
2.494098
2.494098
-0.151635
-0.151635
-1.125241
1.767515
1.767515
0.668562
0.668562
-1.138126
0.304625
-0.890418
-0.890418
-0.273469
-0.273469
0.285725
0.993464
0.993464
-1.673001
-1.673001
1.041101
-0.588706
-0.628637
-0.628637
0.399295
0.399295
1.539866
0.233232
0.233232
1.614064
1.614064
-0.984510
1.362676
-0.196439
-0.196439
-0.502903
-0.502903
-0.186773
1.195617
1.195617
0.069161
0.069161
-0.066840
2.235738
-0.707700
-0.707700
0.986996
0.986996
0.747911
-1.181333
-1.181333
-1.468501
-1.468501
0.028265
-0.229503
-0.456094
-0.456094
-1.144935
-1.144935
0.875727
-1.498059
-1.498059
0.247610
0.247610
0.257149
-0.229410
-0.838503
-0.838503
-0.256350
-0.256350
0.056658
0.356492
0.356492
1.499457
1.499457
-0.440597
0.067924
-0.675556
-0.675556
-1.495028
-1.495028
-0.261455
0.717342
0.717342
-1.902022
-1.902022
-1.347457
0.587030
-1.797187
-1.797187
-1.632952
-1.632952
-0.245124
0.757273
0.757273
0.425189
0.425189
-0.769208
-1.917851
-0.554252
-0.554252
-0.878911
-0.878911
0.119684
0.294342
0.294342
-0.954248
-0.954248
1.025250
0.612300
-1.415831
-1.415831
-0.601344
-0.601344
1.047143
1.640039
1.640039
1.288509
1.288509
-2.830971
-0.162959
-0.771012
-0.771012
0.014799
0.014799
0.162555
-0.326220
-0.326220
-1.803949
-1.803949
-0.578572
-0.678255
1.254567
1.254567
0.522987
0.522987
1.419179
-0.671080
-0.671080
-0.196761
-0.196761
-0.331412
1.699211
0.875562
0.875562
-1.126611
-1.126611
0.461680
-1.688433
-1.688433
1.414994
1.414994
-0.898845
-0.239821
-0.289054
-0.289054
-2.155485
-1.750250
0.036539
0.036539
-0.215464
-0.215464
1.535217
0.057449
-0.661447
-0.661447
-0.759733
-0.759733
0.484301
-0.255314
0.275398
0.275398
0.547704
0.547704
-0.104576
-0.104576
-0.044636
-0.044636
0.854029
0.854029
1.112940
1.112940
0.371986
0.189166
-0.399965
-0.886265
0.270208
0.589429
0.714372
0.243039
-0.327791
-0.752842
0.349062
1.084190
1.127960
0.266934
0.266934
0.037103
-0.199546
-0.223272
-0.915887
0.133457
-1.323357
-1.323357
0.253678
-0.714162
-0.833151
0.489871
0.489871
0.624482
1.708631
1.708631
0.802735
1.037903
-0.275559
-0.275559
-0.892276
-1.308289
1.087968
-0.843105
-0.829771
-1.700768
0.357459
-0.587245
1.164291
1.164291
1.044693
-0.287735
-0.772501
-0.206822
-0.513238
-0.187451
-0.184025
-0.184025
-0.936376
0.449530
0.259215
-0.003257
1.423204
0.524859
0.524859
0.156244
-0.582050
-0.572225
0.233204
0.480953
2.231148
-0.861007
-0.579721
-0.579721
1.186732
-0.653733
0.914362
-0.934641
1.573910
1.186739
1.186739
-1.416006
1.690320
-1.338608
0.588651
0.588651
-2.285827
0.856432
0.856432
-0.731228
-1.431313
-0.564793
-0.564793
-0.596509
-0.342250
0.565928
0.595234
0.790572
-0.611068
-0.061078
-2.230532
-0.828763
-0.828763
-0.866073
1.632393
-0.338048
0.141484
-0.416180
0.540674
-0.367238
-0.367238
-0.121695
0.806709
-1.022721
-1.393367
0.648549
0.368735
0.368735
-0.640718
1.180832
-1.035029
-0.942290
-2.076359
0.539995
1.021047
-0.706063
-0.706063
-1.640705
0.506079
0.541873
0.257640
-0.624757
-0.635826
-0.635826
-0.054559
0.621981
-0.880322
-0.383256
-0.383256
-0.207135
1.496125
1.496125
-0.136013
1.095309
-0.868872
-0.868872
0.981327
-1.668241
0.764762
-0.073761
-0.883544
-1.004804
1.330375
-0.277947
0.253746
0.253746
0.372865
1.275968
0.797874
0.257900
-0.335966
-2.069320
2.191007
2.191007
-0.129122
1.359230
-0.404444
0.116761
0.839011
-0.444738
-0.444738
0.157704
-0.341719
1.994675
-0.478692
-0.438698
-0.381555
-1.002251
0.749869
0.749869
-0.904611
0.978003
-0.989832
-0.429897
-1.499546
-0.544588
-0.544588
0.085504
-0.010261
0.495344
-0.105252
-0.105252
1.739114
-0.288013
-0.288013
-0.134093
-0.329905
0.036315
0.036315
0.143021
-0.329599
-0.149237
-0.384743
-0.812231
-1.549769
0.891348
0.748560
-1.284653
-1.284653
-0.537577
-0.797321
-0.112131
0.502748
2.636790
-0.498311
0.788659
0.788659
-0.124944
-0.989456
-0.184448
1.062545
-0.117173
-0.353450
-0.353450
0.486284
1.278450
-0.846081
0.682464
0.119214
-1.705174
-0.079690
-0.622511
0.074884
-0.876030
-0.619045
0.824417
0.375755
-0.438832
0.276319
0.276319
