3
4
5
6
7
8
9
10
11
12
14
15
16
17
18
19
20
21
22
23
24
25
26
27
28
30
32
33
34
35
36
37
39
42
54
65
76
87
91
92
104
115
126
137
141
142
154
165
176
187
191
192
204
215
226
237
241
242
243
244
249
250
251
252
270
285
300
315
320
321
322
340
355
370
385
390
391
392
410
425
440
455
460
461
462
480
495
510
525
530
580
581
614
615
616
617
620
622
623
637
638
639
640
643
645
646
657
658
659
660
663
665
666
680
681
682
683
686
688
689
702
732
733
734
735
738
740
741
755
756
757
758
761
763
764
775
776
777
778
781
783
784
798
799
800
801
804
806
807
820
850
851
852
853
856
858
859
873
874
875
876
879
881
882
893
894
895
896
899
901
902
916
917
918
919
922
924
925
938
968
969
970
971
974
976
977
991
992
993
994
997
999
1000
1011
1012
1013
1014
1017
1019
1020
1034
1035
1036
1037
1040
1042
1043
1056
1057
1058
1059
1061
1062
1063
1064
1065
1066
1068
1071
1083
1094
1105
1116
1120
1121
1133
1144
1155
1166
1170
1171
1183
1194
1205
1216
1220
1221
1233
1244
1255
1266
1270
1271
1272
1273
1274
1275
1279
1280
1281
1282
1300
1315
1330
1345
1350
1351
1352
1370
1385
1400
1415
1420
1421
1422
1440
1455
1470
1485
1490
1491
1492
1510
1525
1540
1555
1560
1610
1611
1644
1645
1646
1647
1650
1652
1653
1667
1668
1669
1670
1673
1675
1676
1687
1688
1689
1690
1693
1695
1696
1710
1711
1712
1713
1716
1718
1719
1732
1762
1763
1764
1765
1768
1770
1771
1785
1786
1787
1788
1791
1793
1794
1805
1806
1807
1808
1811
1813
1814
1828
1829
1830
1831
1834
1836
1837
1850
1880
1881
1882
1883
1886
1888
1889
1903
1904
1905
1906
1909
1911
1912
1923
1924
1925
1926
1929
1931
1932
1946
1947
1948
1949
1952
1954
1955
1968
1998
1999
2000
2001
2004
2006
2007
2021
2022
2023
2024
2027
2029
2030
2041
2042
2043
2044
2047
2049
2050
2064
2065
2066
2067
2070
2072
2073
2086
2087
2088
2089
2091
2092
2093
2094
2095
2096
2098
2101
2113
2124
2135
2146
2150
2151
2163
2174
2185
2196
2200
2201
2213
2224
2235
2246
2250
2251
2263
2274
2285
2296
2300
2301
2302
2303
2304
2305
2309
2310
2311
2312
2330
2345
2360
2375
2380
2381
2382
2400
2415
2430
2445
2450
2451
2452
2470
2485
2500
2515
2520
2521
2522
2540
2555
2570
2585
2590
2640
2641
2674
2675
2676
2677
2680
2682
2683
2697
2698
2699
2700
2703
2705
2706
2717
2718
2719
2720
2723
2725
2726
2740
2741
2742
2743
2746
2748
2749
2762
2792
2793
2794
2795
2798
2800
2801
2815
2816
2817
2818
2821
2823
2824
2835
2836
2837
2838
2841
2843
2844
2858
2859
2860
2861
2864
2866
2867
2880
2910
2911
2912
2913
2916
2918
2919
2933
2934
2935
2936
2939
2941
2942
2953
2954
2955
2956
2959
2961
2962
2976
2977
2978
2979
2982
2984
2985
2998
3028
3029
3030
3031
3034
3036
3037
3051
3052
3053
3054
3057
3059
3060
3071
3072
3073
3074
3077
3079
3080
3094
3095
3096
3097
3100
3102
3103
3116
3117
3118
3119
3121
3122
3123
3124
3125
3126
3128
3131
3143
3154
3165
3176
3180
3181
3193
3204
3215
3226
3230
3231
3243
3254
3265
3276
3280
3281
3293
3304
3315
3326
3330
3331
3332
3333
3334
3335
3339
3340
3341
3342
3360
3375
3390
3405
3410
3411
3412
3430
3445
3460
3475
3480
3481
3482
3500
3515
3530
3545
3550
3551
3552
3570
3585
3600
3615
3620
3670
3671
3704
3705
3706
3707
3710
3712
3713
3727
3728
3729
3730
3733
3735
3736
3747
3748
3749
3750
3753
3755
3756
3770
3771
3772
3773
3776
3778
3779
3792
3822
3823
3824
3825
3828
3830
3831
3845
3846
3847
3848
3851
3853
3854
3865
3866
3867
3868
3871
3873
3874
3888
3889
3890
3891
3894
3896
3897
3910
3940
3941
3942
3943
3946
3948
3949
3963
3964
3965
3966
3969
3971
3972
3983
3984
3985
3986
3989
3991
3992
4006
4007
4008
4009
4012
4014
4015
4028
4058
4059
4060
4061
4064
4066
4067
4081
4082
4083
4084
4087
4089
4090
4101
4102
4103
4104
4107
4109
4110
4124
4125
4126
4127
4130
4132
4133
4146
4147
4148
4149
4151
4152
4153
4154
4155
4156
4158
4161
4173
4184
4195
4206
4210
4211
4223
4234
4245
4256
4260
4261
4273
4284
4295
4306
4310
4311
4323
4334
4345
4356
4360
4361
4362
4363
4364
4365
4369
4370
4371
4372
4390
4405
4420
4435
4440
4441
4442
4460
4475
4490
4505
4510
4511
4512
4530
4545
4560
4575
4580
4581
4582
4600
4615
4630
4645
4650
4700
4701
4734
4735
4736
4737
4740
4742
4743
4757
4758
4759
4760
4763
4765
4766
4777
4778
4779
4780
4783
4785
4786
4800
4801
4802
4803
4806
4808
4809
4822
4852
4853
4854
4855
4858
4860
4861
4875
4876
4877
4878
4881
4883
4884
4895
4896
4897
4898
4901
4903
4904
4918
4919
4920
4921
4924
4926
4927
4940
4970
4971
4972
4973
4976
4978
4979
4993
4994
4995
4996
4999
5001
5002
5013
5014
5015
5016
5019
5021
5022
5036
5037
5038
5039
5042
5044
5045
5058
5088
5089
5090
5091
5094
5096
5097
5111
5112
5113
5114
5117
5119
5120
5131
5132
5133
5134
5137
5139
5140
5154
5155
5156
5157
5160
5162
5163
5176
5177
5178
5179
5181
5182
5183
5184
5185
5186
5188
5191
5203
5214
5225
5236
5240
5241
5253
5264
5275
5286
5290
5291
5303
5314
5325
5336
5340
5341
5353
5364
5375
5386
5390
5391
5392
5393
5394
5395
5399
5400
5401
5402
5420
5435
5450
5465
5470
5471
5472
5490
5505
5520
5535
5540
5541
5542
5560
5575
5590
5605
5610
5611
5612
5630
5645
5660
5675
5680
5730
5731
5764
5765
5766
5767
5770
5772
5773
5787
5788
5789
5790
5793
5795
5796
5807
5808
5809
5810
5813
5815
5816
5830
5831
5832
5833
5836
5838
5839
5852
5882
5883
5884
5885
5888
5890
5891
5905
5906
5907
5908
5911
5913
5914
5925
5926
5927
5928
5931
5933
5934
5948
5949
5950
5951
5954
5956
5957
5970
6000
6001
6002
6003
6006
6008
6009
6023
6024
6025
6026
6029
6031
6032
6043
6044
6045
6046
6049
6051
6052
6066
6067
6068
6069
6072
6074
6075
6088
6118
6119
6120
6121
6124
6126
6127
6141
6142
6143
6144
6147
6149
6150
6161
6162
6163
6164
6167
6169
6170
6184
6185
6186
6187
6190
6192
6193
6206
6207
6208
6209
6211
6212
6213
6214
6215
6216
6218
6221
6233
6244
6255
6266
6270
6271
6283
6294
6305
6316
6320
6321
6333
6344
6355
6366
6370
6371
6383
6394
6405
6416
6420
6421
6422
6423
6424
6425
6429
6430
6431
6432
6450
6465
6480
6495
6500
6501
6502
6520
6535
6550
6565
6570
6571
6572
6590
6605
6620
6635
6640
6641
6642
6660
6675
6690
6705
6710
6760
6761
6794
6795
6796
6797
6800
6802
6803
6817
6818
6819
6820
6823
6825
6826
6837
6838
6839
6840
6843
6845
6846
6860
6861
6862
6863
6866
6868
6869
6882
6912
6913
6914
6915
6918
6920
6921
6935
6936
6937
6938
6941
6943
6944
6955
6956
6957
6958
6961
6963
6964
6978
6979
6980
6981
6984
6986
6987
7000
7030
7031
7032
7033
7036
7038
7039
7053
7054
7055
7056
7059
7061
7062
7073
7074
7075
7076
7079
7081
7082
7096
7097
7098
7099
7102
7104
7105
7118
7148
7149
7150
7151
7154
7156
7157
7171
7172
7173
7174
7177
7179
7180
7191
7192
7193
7194
7197
7199
7200
7214
7215
7216
7217
7220
7222
7223
7236
7237
7238
7239
7241
7242
7243
7244
7245
7246
7248
7251
7263
7274
7285
7296
7300
7301
7313
7324
7335
7346
7350
7351
7363
7374
7385
7396
7400
7401
7413
7424
7435
7446
7450
7451
7452
7453
7454
7455
7459
7460
7461
7462
7480
7495
7510
7525
7530
7531
7532
7550
7565
7580
7595
7600
7601
7602
7620
7635
7650
7665
7670
7671
7672
7690
7705
7720
7735
7740
7790
7791
7824
7825
7826
7827
7830
7832
7833
7847
7848
7849
7850
7853
7855
7856
7867
7868
7869
7870
7873
7875
7876
7890
7891
7892
7893
7896
7898
7899
7912
7942
7943
7944
7945
7948
7950
7951
7965
7966
7967
7968
7971
7973
7974
7985
7986
7987
7988
7991
7993
7994
8008
8009
8010
8011
8014
8016
8017
8030
8060
8061
8062
8063
8066
8068
8069
8083
8084
8085
8086
8089
8091
8092
8103
8104
8105
8106
8109
8111
8112
8126
8127
8128
8129
8132
8134
8135
8148
8178
8179
8180
8181
8184
8186
8187
8201
8202
8203
8204
8207
8209
8210
8221
8222
8223
8224
8227
8229
8230
8244
8245
8246
8247
8250
8252
8253
8266
8267
8268
8269
8271
8272
8273
8274
8275
8276
8278
8281
8293
8304
8315
8326
8330
8331
8343
8354
8365
8376
8380
8381
8393
8404
8415
8426
8430
8431
8443
8454
8465
8476
8480
8481
8482
8483
8484
8485
8489
8490
8491
8492
8510
8525
8540
8555
8560
8561
8562
8580
8595
8610
8625
8630
8631
8632
8650
8665
8680
8695
8700
8701
8702
8720
8735
8750
8765
8770
8820
8821
8854
8855
8856
8857
8860
8862
8863
8877
8878
8879
8880
8883
8885
8886
8897
8898
8899
8900
8903
8905
8906
8920
8921
8922
8923
8926
8928
8929
8942
8972
8973
8974
8975
8978
8980
8981
8995
8996
8997
8998
9001
9003
9004
9015
9016
9017
9018
9021
9023
9024
9038
9039
9040
9041
9044
9046
9047
9060
9090
9091
9092
9093
9096
9098
9099
9113
9114
9115
9116
9119
9121
9122
9133
9134
9135
9136
9139
9141
9142
9156
9157
9158
9159
9162
9164
9165
9178
9208
9209
9210
9211
9214
9216
9217
9231
9232
9233
9234
9237
9239
9240
9251
9252
9253
9254
9257
9259
9260
9274
9275
9276
9277
9280
9282
9283
9296
9297
9298
9299
9301
9302
9303
9304
9305
9306
9308
9311
9323
9334
9345
9356
9360
9361
9373
9384
9395
9406
9410
9411
9423
9434
9445
9456
9460
9461
9473
9484
9495
9506
9510
9511
9512
9513
9514
9515
9519
9520
9521
9522
9540
9555
9570
9585
9590
9591
9592
9610
9625
9640
9655
9660
9661
9662
9680
9695
9710
9725
9730
9731
9732
9750
9765
9780
9795
9800
9850
9851
9852
9853
9854
9855
9856
9857
9858
9859
9861
9864
9876
9887
9898
9909
9913
9914
9926
9937
9948
9959
9963
9964
9976
9987
9998
10009
10013
10014
10026
10037
10048
10059
10063
10064
10065
10066
10067
10068
10069
10070
10071
10072
10073
10074
10075
10076
10077
10078
10079
10080
10081
10082
10084
